1619 1869 1923 1945 1990 1993 2037 1932 2079 2110 2030 2147 2030 2052 2070
2064 1989 2065 2077 2055 2053 2215 2084 2260 2345 2386 2403 2462 2407 2499
2372 2414 2353 2342 2358 2360 2350 2377 2386 2348 2341 2339 2336 2042 2225
2057 2055 2138 2064 2054 0 0 0 0 0 0 0 0 0 0
3995 3959 4352 4123 3883 4150 3852 4029 3851 3865 3739 3386 3417 3618 4022
4019 4102 4063 3749 4043 4155 4150 4260 4248 4267 3993 3836 4089 4292 4335
4383 4352 4179 4298 4344 4035 4183 4171 3957 4376 4128 4121 4217 4176 4089
4287 4157 3954 3913 4063 0 0 0 0 0 0 0 0 0 0
3722 4026 4371 4162 4605 4418 4486 4442 4540 4515 4629 4671 4706 4684 4768
4756 4811 4804 4668 4806 4645 4776 4765 4833 4839 4836 4816 4830 4835 4853
4874 4957 4928 4895 4888 4924 4904 4940 4917 4866 4775 4896 4838 4954 4933
4784 4922 4949 4933 4922 0 0 0 0 0 0 0 0 0 0
3654 4358 4453 4707 4476 4688 4783 4796 4798 4727 4857 4953 4887 4906 4846
4975 4834 4846 4841 4817 4929 4492 4578 4698 4548 4664 4784 4840 4817 4808
4647 4672 4877 4846 4879 4883 4919 4785 4889 4832 4943 4917 5023 5007 4784
4854 4848 4868 5080 5057 0 0 0 0 0 0 0 0 0 0
