      [,1] [,2] [,3] [,4] [,5] [,6] [,7] [,8] [,9] [,10] [,11] [,12] [,13]
 [1,]    0    0    0    0    0    0    0    0    0     0     0     0     0
 [2,]    0    1    0    0   58    0    0    0  217     0     0     0   275
 [3,]    0  297    0  361 2409    0    0    0   67     0     0     0  3134
 [4,]    0    0    0    0    0    0    0    0    0     0     0     0     0
 [5,]    0  225    0    0  427    0    0    0  314     0     0     0   539
 [6,]    0  185    0    0  370    0    0    0    0     0     0     0   555
 [7,]    0    0    0    0    0    0    0    0    0     0     0     0     0
 [8,]    0  120    0    0 2938    0    0 1195    0     0     0     0  3058
 [9,]    0   29    0    0  173    0    0    0   89     0     0     0   202
[10,]    0    0    0    0    0    0    0    0    0     0     0     0     0
[11,]    0    0    0    0    0    0    0    0    0     0     0     0     0
[12,]    0 1382    0    0 1940    0    0    0    3     0     7 14046  3332
[13,]    0 2238    0  361 7888    0    0    0  601     0     7     0     0
