0.62141,-2.112,-1
-1.0664,0.73599,-1
1.0394,-0.60242,-1
0.084051,0.52319,1
0.69816,-0.89967,-1
-1.2242,0.15624,-1
-0.97452,1.733,-1
1.0602,-0.1623,-1
0.25084,-0.67848,1
1.2817,-0.46694,-1
0.69179,-0.084287,1
-0.8922,0.37532,1
0.38755,0.035683,1
1.4663,-0.87479,-1
-0.31819,-0.36316,1
0.91528,1.6074,-1
0.341,1.3187,-1
0.34627,-0.91867,1
1.9478,-0.12527,-1
-2.0036,0.77621,-1
-1.0284,0.40478,-1
-0.92455,0.38832,-1
-0.013831,-1.7728,-1
-0.70881,1.2515,-1
-0.47133,-0.7189,1
0.43176,-0.6729,1
-1.2741,0.72189,-1
-1.0875,0.60971,-1
-0.17181,0.44632,1
-0.29864,1.634,-1
1.97,-1.1287,-1
0.41467,-1.3256,-1
0.49037,0.64465,1
0.14516,0.64132,1
-2.5542,-0.22701,-1
-1.0528,0.46308,-1
-1.4144,-0.88804,-1
-1.1505,0.45595,-1
0.72562,-0.13873,1
0.10945,1.3748,-1
0.33594,-0.38122,1
-1.2754,-0.69733,-1
0.52246,0.89984,1
0.32963,0.31279,1
0.11981,-0.71636,1
1.1379,0.93439,-1
-0.73002,-0.76987,-1
-0.25569,0.2189,1
-1.0506,-0.21648,-1
0.67799,-0.99536,-1
1.2226,1.1342,-1
-0.43663,1.0971,-1
0.20256,-0.71707,1
0.34504,-0.66925,1
-1.2947,0.11767,-1
1.3985,0.45109,-1
-1.8695,-0.99079,-1
0.74237,-0.84372,-1
0.313,-0.33418,1
1.3861,-0.080635,-1
-0.56329,-0.4559,1
-0.18819,0.1823,1
-0.050091,0.97074,1
-0.16021,1.384,-1
-0.37403,-0.86046,-1
-1.438,-0.60292,-1
-0.13105,1.205,-1
-0.24739,0.30446,1
0.48867,-0.5031,1
-0.10184,-0.21921,1
-1.3283,1.7644,-1
-0.79568,-1.2314,-1
-0.083817,-1.5045,-1
0.4629,0.4436,1
-1.4792,0.064787,-1
0.71542,1.5563,-1
-0.97018,-0.016544,1
-0.13997,0.3463,1
-1.4915,-0.21285,-1
-2.1707,0.43239,-1
0.13667,-0.81073,1
0.98871,-0.21909,1
1.2569,-2.7312,-1
-2.1404,0.30826,-1
-0.086246,-0.28199,1
0.82265,-0.15773,1
-0.96759,-0.65329,-1
1.0405,0.82404,-1
-1.677,-1.1958,-1
-0.71145,0.81046,-1
-0.98967,0.24284,1
-0.55813,0.58804,1
0.01221,0.59726,1
-0.26214,-1.3049,-1
-1.0663,-1.3427,-1
0.89255,-0.08583,1
-0.22291,-0.54316,1
0.93575,-1.0208,-1
-0.34069,1.0234,1
-0.56682,-0.81011,1
0.2234,0.28706,1
-0.99007,-1.9557,-1
-0.31747,-0.0975,1
-0.27272,1.3195,-1
-0.046602,-0.41196,1
0.075287,1.7774,-1
-0.7789,-0.055591,1
1.5546,-0.038997,-1
0.17633,1.3782,-1
0.37232,0.92636,1
-2.0293,0.81393,-1
2.3069,0.094192,-1
0.47384,1.1269,-1
-0.18114,0.32117,1
-1.5236,0.82193,-1
-0.9442,0.10637,1
-0.455,1.4199,-1
-0.60277,-0.38634,1
-0.94885,-0.057563,1
0.57078,-0.83045,-1
-2.5089,0.025356,-1
-0.76801,1.2088,-1
-0.064519,0.23171,1
-1.4982,-0.20526,-1
1.1403,1.8834,-1
-0.087034,-0.62396,1
0.39717,-0.61157,1
-0.86193,0.087146,1
-1.6252,1.4719,-1
0.92544,-0.65724,-1
0.97002,-0.54992,1
-1.2318,-0.81743,-1
1.1141,0.70891,-1
-0.27609,0.93594,-1
1.5445,1.4512,-1
1.5956,0.41994,-1
0.43196,-0.10977,1
-0.39799,-1.6846,-1
0.64267,1.8926,-1
0.96551,1.69,-1
-0.069604,1.5075,-1
1.4282,1.1868,-1
-1.6679,-0.42963,-1
0.43624,1.5793,-1
-0.5875,-0.87887,-1
-0.051696,0.93171,1
0.62264,0.20527,1
1.2111,0.5483,-1
-0.73996,-0.39776,1
0.46033,-0.13506,1
-0.34326,1.5548,-1
0.043734,-2.0598,-1
-1.4879,-0.54746,-1
0.75194,-0.9824,-1
-0.50224,0.078597,1
0.72931,-0.18132,1
-0.64066,-0.62138,1
-0.37805,-1.7247,-1
-0.1122,-0.18797,1
1.664,-0.49584,-1
-0.77897,-0.40627,-1
-0.77652,-2.1329,-1
0.57541,2.351,-1
-2.0315,-0.27387,-1
0.42716,0.80144,1
-1.344,-2.423,-1
0.059411,0.31629,1
1.1486,0.17668,-1
-0.44948,-0.44603,1
0.51891,-1.9267,-1
-0.43764,0.014194,1
-1.609,1.8977,-1
-1.3586,0.32876,-1
-0.92476,-1.2648,-1
-1.7321,-1.8865,-1
-2.0058,-0.61141,-1
0.42344,1.6369,-1
1.1644,-0.77985,-1
-0.74391,-0.30815,1
0.56223,-0.12823,1
-1.6569,0.65602,-1
1.3565,-0.46048,-1
0.90536,1.329,-1
0.40124,-0.18591,1
0.51593,0.21441,1
0.85527,-1.5634,-1
-1.1522,-0.16931,-1
-1.3756,0.26875,-1
-0.42151,0.022305,1
-0.53856,0.96221,-1
0.33596,0.91383,1
-0.12027,2.0813,-1
-1.0769,0.039874,-1
-0.54171,-0.0091546,1
0.39878,-0.15404,1
1.5819,0.74718,-1
0.37464,-0.25141,1
0.004528,-0.46694,1
0.18936,-0.014612,1
-2.2477,0.76659,-1
-0.53596,-0.049763,1
0.0052752,0.02238,1
-0.024722,0.90042,-1
2.0159,0.038773,-1
-1.3739,1.0899,-1
0.58973,-1.3795,-1
0.17024,1.947,-1
-1.9006,1.5637,-1
0.78945,0.45107,1
0.69496,1.5981,-1
-1.1839,0.42591,-1
0.34807,1.4657,-1
1.5895,-0.87619,-1
-0.40861,1.0397,-1
0.83711,-0.61106,1
1.0017,1.0823,-1
-1.5388,0.93912,-1
-0.32727,-1.3304,-1
0.97832,-0.967,-1
1.8142,1.648,-1
-1.5557,0.61026,-1
-0.15239,-1.052,-1
0.25994,-0.7351,1
-0.65935,0.78608,1
1.2763,0.24293,-1
0.15007,-0.22356,1
1.4224,-1.1744,-1
-0.67136,0.12048,1
0.90702,0.18243,1
-0.25386,-0.26714,1
-0.54177,-1.4421,-1
0.20072,0.31231,1
-0.11199,0.87979,1
0.27103,-1.5582,-1
-0.68,0.14803,1
-0.20851,1.1324,-1
1.5434,-0.19132,-1
-1.4151,-1.1137,-1
0.99918,-0.40448,-1
0.30086,-0.059745,1
2.1857,-1.4265,-1
1.9886,-0.77973,-1
-0.88258,0.94668,-1
1.7814,1.1262,-1
-0.45016,0.13056,1
-0.70266,-2.7304,-1
-1.2631,0.018064,-1
-0.63272,-0.69871,-1
-0.60457,0.033332,1
0.035527,0.59006,1
0.10708,-0.81268,1
0.15784,1.472,-1
-0.64372,0.40452,1
0.4148,0.44542,1
-1.1678,1.9613,-1
1.8164,-0.43,-1
0.15407,-0.3277,1
-0.443,-1.0765,-1
0.22047,-0.64978,1
-0.1596,-2.6612,-1
-0.24916,-0.63992,1
1.5486,0.25267,-1
2.3635,0.085798,-1
0.28472,1.7813,-1
0.48909,0.28293,1
0.62585,-0.41146,1
-2.7821,-1.403,-1
0.58752,0.50992,1
0.99538,-1.4299,-1
0.46769,0.37464,1
0.58245,-1.9551,-1
0.13928,0.70879,1
0.54739,-0.70867,1
-0.42843,1.6043,-1
-0.66374,1.178,-1
-0.66816,-0.94887,-1
-1.2483,0.32929,-1
1.1135,-0.39321,-1
-0.21806,-0.60553,1
0.32012,-0.14274,1
-0.61007,-0.55156,1
1.0316,0.20244,-1
-0.54093,-0.079303,1
-0.72634,0.94891,-1
0.88264,-0.94425,-1
-0.51893,0.6016,1
-1.169,1.5043,-1
2.5356,-0.23622,-1
-0.83378,-0.83603,-1
0.89609,0.74935,-1
-0.97177,0.73022,-1
0.75309,-1.5135,-1
0.30891,1.0133,1
-0.85727,1.0964,-1
-2.9955,1.3932,-1
2.0029,-0.33761,-1
0.43399,-0.86254,1
-0.84629,-1.8807,-1
-1.2308,0.014416,-1
-0.18562,0.26941,1
-1.486,-0.5818,-1
-2.0273,1.183,-1
-0.48846,-0.50391,1
-0.21596,-1.7972,-1
-0.61109,1.7259,-1
-0.31536,0.74861,1
-1.2976,-1.2009,-1
-2.0283,1.3801,-1
0.40056,-0.93669,1
-0.65023,0.37604,1
1.2757,0.044492,-1
2.065,-1.2491,-1
-0.086439,1.4484,-1
-0.1499,-0.95833,1
0.74119,-0.20634,1
0.77544,-0.93948,-1
-0.51531,-1.7391,-1
-1.8745,1.459,-1
0.78772,-0.25195,1
-1.8851,0.47293,-1
1.9264,-1.3297,-1
-0.094066,-1.238,-1
0.94753,-1.6032,-1
-0.081314,0.97352,1
-0.58231,-1.6726,-1
0.21685,0.24267,1
0.27643,0.63367,1
-1.2634,0.31101,-1
0.56457,-0.46057,1
-0.46174,1.7322,-1
-0.65674,1.4982,-1
0.65181,1.5802,-1
-0.032676,-0.21463,1
-3.2265,1.0435,-1
-1.5025,-0.00034003,-1
1.6272,-0.93182,-1
1.1782,-0.97137,-1
-0.012049,1.7271,-1
1.3894,-0.21378,-1
-0.99168,-0.90158,-1
-1.0265,0.3623,-1
-0.86966,-0.39908,1
0.8542,-0.042767,-1
-0.2318,0.10927,1
-0.7515,-1.0545,-1
-1.0367,0.63601,-1
-1.9804,0.63237,-1
-1.2938,1.3833,-1
0.08217,1.0809,-1
-0.62006,-0.24083,1
-0.98093,-0.45811,1
0.71309,0.58643,-1
1.4316,0.62488,-1
-0.77238,0.23848,1
0.28238,0.69184,1
-0.13525,1.263,-1
0.29746,-1.2469,-1
1.1131,1.0081,-1
0.88422,-1.09,-1
1.0279,0.31066,1
0.47904,-0.75226,1
1.2106,0.82015,-1
-0.45786,-1.4101,-1
2.1193,1.777,-1
-1.6932,-0.32891,-1
0.86148,0.40311,1
1.7663,-0.082032,-1
-0.74276,0.96037,-1
-1.7885,1.2043,-1
1.5145,-1.6201,-1
-0.07524,0.50342,1
-1.2403,-0.1065,-1
-0.42243,-0.69288,1
1.3323,0.88779,-1
-0.28374,-1.2543,-1
0.12821,2.0533,-1
0.019213,0.15803,1
0.66522,0.61569,1
0.20636,-0.56148,1
0.709,-0.35674,1
2.5173,0.47577,-1
0.27522,0.87245,1
0.47319,-0.55232,1
2.226,0.8139,-1
0.28088,0.63421,1
-0.98459,0.40269,-1
-1.9057,0.67085,-1
0.82483,-0.33176,1
-0.90718,-1.22,-1
-1.0445,1.4316,-1
-1.1176,-1.292,-1
0.27477,-1.899,-1
0.22698,1.7323,-1
-0.1307,1.6382,-1
0.62097,-0.17856,1
-1.0403,0.26304,-1
-0.021709,-0.4576,1
-0.17993,0.34231,1
-0.13157,0.40292,1
-1.8622,-2.3361,-1
0.44782,-2.2951,-1
3.4926,0.24243,-1
-1.583,-1.2905,-1
-0.091436,-0.2156,1
-2.1272,0.62455,-1
0.6483,0.86505,-1
-0.083008,-0.11345,1
1.6069,-0.89986,-1
0.86519,-0.12254,1
-1.0309,-0.88635,-1
-0.2093,-1.5624,-1
-0.32167,-0.48397,1
-0.81075,0.74542,-1
1.8362,-0.54915,-1
-0.99154,-0.23185,1
-0.39241,-0.084945,1
0.8825,-1.1725,-1
0.71145,2.1815,-1
-0.10605,-0.59008,1
1.4,-0.76005,-1
0.88534,0.63471,-1
-0.7108,0.24721,1
-0.6594,-0.72104,1
0.058725,1.8781,-1
0.94837,-0.75331,-1
-0.62536,-0.33495,1
-0.65417,1.1022,-1
0.40552,-0.26857,1
-0.38842,-0.11443,1
0.078825,0.53685,1
-0.73841,-0.4991,1
-0.60568,0.60171,1
-0.16522,0.72471,1
-0.93949,1.1193,-1
1.3231,2.1075,-1
1.2838,0.95827,-1
-0.048936,-0.53664,1
-0.84985,1.7063,-1
0.58725,-1.6946,-1
-0.1638,0.80368,1
-0.69456,-0.1622,1
-0.21477,0.38821,1
0.90335,-1.0045,-1
-0.64411,-0.36259,1
0.67164,0.50767,1
1.1456,3.0301,-1
-0.44114,-1.534,-1
-1.482,0.80746,-1
0.34271,0.35622,1
1.4228,-0.38174,-1
0.94184,-0.86827,-1
-2.1374,1.386,-1
1.0465,1.3899,-1
-1.3443,0.96768,-1
0.45151,0.5361,1
-0.95752,0.49817,-1
-1.4156,-1.3865,-1
-0.0898,-0.51574,1
-1.1242,-0.65122,-1
-2.542,-1.2615,-1
-1.9136,1.2234,-1
-1.0132,-1.4021,-1
0.60568,0.36359,1
1.5342,1.9673,-1
1.7257,0.7021,-1
0.32759,-2.4045,-1
-1.5572,1.4515,-1
-1.0942,-0.7793,-1
1.1033,-0.063441,-1
-0.35988,1.3595,-1
1.1217,0.33141,-1
-1.4445,-0.36088,-1
-0.63549,-0.29567,1
0.92893,1.2459,-1
-0.23821,-0.87997,1
0.89653,-0.27835,1
-0.48212,1.5458,-1
0.63935,0.41949,1
-0.24089,-0.65623,1
-1.0262,1.0137,-1
1.2853,0.58721,-1
-0.073407,0.15893,1
-2.5343,-1.8039,-1
-2.1237,-2.0861,-1
1.0351,0.024632,-1
0.37717,-1.8524,-1
-0.35256,0.58311,1
-1.9509,0.49232,-1
-0.41327,0.96247,-1
-0.95485,0.084165,1
-0.40772,1.3629,-1
-0.38693,1.3098,-1
-0.64636,0.11992,1
-0.54315,-0.15564,1
-0.65612,-0.48485,1
-0.94647,2.1893,-1
0.12476,-0.0058235,1
-0.99781,-0.054354,1
-1.4202,1.1678,-1
-0.53984,0.58646,1
-2.5955,1.8533,-1
0.87864,-1.2394,-1
0.4254,-1.892,-1
-1.4825,0.59054,-1
-1.8506,-0.98111,-1
1.0773,-0.48308,-1
0.62782,1.4673,-1
-1.6335,-0.69385,-1
-2.0808,0.83464,-1
0.92142,-0.65978,-1
1.035,-1.4129,-1
-0.68584,-1.3031,-1
0.5472,-0.29797,1
1.0689,-0.56807,-1
0.25842,1.1275,-1
-3.066,0.025516,-1
0.13738,2.5902,-1
-0.042275,-0.7227,1
-0.034355,1.2259,-1
-2.209,-0.61772,-1
-0.65399,1.1092,-1
0.4536,1.2069,-1
0.68869,-0.26751,1
0.33908,0.19667,1
1.6349,-0.32328,-1
-1.7005,-0.26562,-1
-0.26662,-0.6956,1
1.1249,-0.35979,-1
-3.3691,2.3087,-1
0.13749,1.838,-1
0.40197,1.0534,-1
-0.019843,0.34077,1
0.89141,1.4967,-1
-0.8053,-0.42951,1
-0.9392,-1.723,-1
2.2623,0.77301,-1
-1.1014,-0.18223,-1
-1.2269,-1.6522,-1
0.90404,-0.33446,-1
-0.068605,-1.4569,-1
0.066589,1.5191,-1
0.86486,-0.8451,-1
0.50767,0.12529,1
0.69889,-0.88009,1
0.41357,-0.39148,1
-0.067997,0.16677,1
-1.4957,-1.1307,-1
-0.56201,0.56994,1
-0.69012,0.33284,1
0.86585,1.0458,-1
0.22736,-1.7084,-1
-1.4499,-2.7682,-1
1.8496,0.18586,-1
0.54588,0.22892,1
1.3659,-0.39092,-1
-0.53307,0.89993,-1
-0.74861,0.27308,1
0.87662,-0.66484,1
-0.33337,1.3555,-1
0.05642,-0.84737,1
-0.46111,0.77422,1
-1.4304,0.81211,-1
0.88342,0.44702,1
0.92411,0.60036,-1
-0.39199,0.33173,1
-0.56161,-1.1275,-1
0.68696,-1.6649,-1
-0.10809,0.74406,1
-0.61677,1.2882,-1
-1.989,1.512,-1
-1.3862,-1.0307,-1
-1.2767,-1.2961,-1
0.12176,-0.077488,1
-2.7282,0.86122,-1
-1.3691,-0.76273,-1
-0.066516,-0.31689,1
1.5054,0.27966,-1
0.52925,-0.21262,1
0.40009,0.2439,1
0.11249,1.1196,-1
-0.09928,-1.9274,-1
0.49056,0.79066,1
-1.2716,-1.8121,-1
-1.2093,-0.73247,-1
-0.7843,0.5862,-1
0.57579,-1.6682,-1
-0.25046,0.82783,1
0.55811,-0.053898,1
-0.08838,0.96486,1
-0.47277,0.47829,1
0.10734,-2.1067,-1
-0.044778,-1.1952,-1
-0.96897,-0.71071,-1
-0.05722,1.5039,-1
-0.57258,1.004,-1
-1.372,0.55941,-1
1.187,0.14097,1
-1.5982,0.36369,-1
0.27441,1.9317,-1
-0.23284,-1.4412,-1
0.61692,-0.27369,1
0.49439,-0.83082,-1
0.21465,0.13536,1
-0.19454,1.554,-1
0.25037,0.48648,1
-0.64084,-0.097956,1
2.0559,-0.53468,-1
-0.85858,-0.30656,1
0.92826,-1.0342,-1
-0.1997,-1.5629,-1
0.067983,-0.71428,1
0.84072,-0.56121,1
-0.63382,0.90982,1
0.72884,-1.0916,-1
-0.24241,-0.0084547,1
-1.5738,-1.6586,-1
0.37935,-0.27541,1
-0.9779,1.1511,-1
0.23305,-1.1515,-1
0.50762,-1.1,-1
1.1018,1.1963,-1
-2.86,-0.41867,-1
0.50258,1.0292,1
-0.13593,-0.14373,1
1.6871,2.7922,-1
-0.92946,0.86976,-1
1.0788,-0.15434,-1
-1.2482,0.72162,-1
-0.52679,-0.26677,1
-1.1826,-0.67624,-1
-0.20914,1.0595,-1
0.72698,-0.1414,1
-1.8487,2.0798,-1
0.13167,-0.029358,1
0.7702,-2.1284,-1
1.308,-0.43936,-1
1.623,0.48576,-1
-0.48627,-0.39114,1
0.92074,-1.4151,-1
-0.51288,0.022638,1
0.19281,0.86809,1
-0.43922,-0.16495,1
-0.19671,-0.26725,1
-0.0038004,0.57188,1
-0.19298,-0.031673,1
0.6749,0.21437,1
0.33551,-1.4886,-1
-0.18721,0.66155,1
-1.0242,0.049561,-1
-0.19109,0.74819,1
-1.4026,-0.44165,-1
-1.7303,0.61898,-1
-0.76432,-0.54023,1
-1.1533,-0.031737,-1
-0.79307,-1.6993,-1
-0.095213,0.65997,1
-1.7222,-0.74098,-1
1.3534,-0.34051,-1
-0.60053,-0.88555,-1
-0.22144,-0.71193,1
0.88904,-1.9628,-1
0.47104,-1.6271,-1
-1.2099,-0.97674,-1
0.031542,-0.52783,1
1.1767,-1.6358,-1
-0.45749,-0.066443,1
-0.45451,-0.23137,1
0.66713,-0.73679,1
-0.44552,-0.8777,1
-2.3287,1.2483,-1
0.71328,-0.94355,-1
2.4189,0.77404,-1
0.093759,0.095034,1
0.23299,1.642,-1
0.66882,-0.6678,1
2.073,0.09039,-1
0.84177,0.17757,1
-1.0749,-2.3929,-1
-0.89614,0.21515,-1
-0.88513,1.811,-1
-1.0213,0.29697,1
0.85281,0.1567,1
-1.3231,1.5771,-1
0.43165,1.0042,-1
1.1551,-1.7415,-1
-0.28539,0.76461,1
0.48645,-1.6069,-1
0.32375,1.8777,-1
-0.025566,-0.076545,1
0.43653,-0.37769,1
-0.011416,0.79403,1
1.2126,-1.2301,-1
1.8096,-0.44396,-1
1.6872,0.47754,-1
-0.027783,0.16917,1
0.90462,0.072433,1
-1.4023,0.67703,-1
-1.0901,-1.1506,-1
-0.099191,-0.063484,1
1.81,-0.1388,-1
0.80515,-0.62691,-1
0.5348,0.67712,1
-1.8321,-0.72152,-1
2.4192,0.74034,-1
0.035535,-0.27842,1
0.29775,2.9352,-1
0.7646,-0.5119,-1
0.70175,0.74483,-1
-0.35721,0.4447,1
-0.88865,1.6867,-1
1.1357,1.6156,-1
0.10731,-0.8976,1
-0.3168,0.14468,1
1.3338,2.0035,-1
-0.89971,0.26888,1
1.1089,-1.5402,-1
-0.89066,0.094068,1
-1.672,1.9569,-1
-0.12041,-0.2246,1
1.3166,-1.9366,-1
1.6684,0.99459,-1
2.3779,-0.068832,-1
0.25919,0.65795,1
-1.2747,-1.8656,-1
-1.931,-0.63391,-1
1.6993,-0.84146,-1
-1.3458,-0.41494,-1
-1.0815,-1.4871,-1
-0.22553,-1.8965,-1
-0.64922,-0.97189,-1
-0.81127,2.1302,-1
-0.7336,0.12504,1
0.77032,-0.20306,1
0.34459,1.64,-1
-0.13652,0.75128,1
2.0819,2.1351,-1
-0.82719,-0.67117,-1
0.79796,0.32615,1
-0.073048,-0.030653,1
-0.10709,0.84466,-1
-0.65627,-0.27019,1
0.41954,0.63281,1
-0.23926,-0.073683,1
-1.032,0.92284,-1
-0.98393,-1.0177,-1
-1.5118,-0.61044,-1
-1.5602,-0.084708,-1
-0.69928,-0.40892,1
0.36862,0.22776,1
-0.27264,-0.48493,1
-0.85609,0.17853,1
1.2384,1.034,-1
-1.4723,-0.035718,-1
0.077096,-0.56927,1
0.77431,-0.53244,1
0.26191,0.035878,1
1.1014,-0.034002,-1
-0.059659,-0.70068,1
0.79563,-1.2935,-1
0.053121,0.80895,1
-0.5937,0.079886,1
1.4227,-0.028803,-1
-0.051671,-0.64898,1
0.023213,-0.66023,1
1.5056,0.60416,-1
-0.51718,-0.68371,1
-1.0812,1.8494,-1
-0.29636,0.26672,1
-0.6946,1.3629,-1
0.45383,0.0057289,1
0.47053,0.42928,1
-0.89721,-1.6073,-1
-0.87999,0.50769,1
0.47724,-1.8955,-1
0.0016674,0.46828,1
-1.0922,0.040646,-1
0.065532,-0.29196,1
-0.15247,-0.40816,1
-0.98444,-0.44495,-1
0.32082,-0.58838,1
-1.1429,-0.21521,-1
-0.19487,-0.8447,1
1.4221,-0.99472,-1
-0.74365,1.2373,-1
-0.72455,-2.7217,-1
1.645,0.24221,-1
-0.063017,0.032199,1
-1.3544,0.32155,-1
1.195,1.283,-1
-0.59684,0.45232,1
-0.077468,-1.5312,-1
0.42569,-0.35028,1
0.042792,-0.3591,1
-0.47191,-0.18874,1
1.4808,1.0707,-1
-0.46637,0.72911,1
-1.8932,-0.19676,-1
-0.61147,-0.61139,1
0.60122,0.78052,-1
1.4731,0.5169,-1
0.30218,1.5839,-1
-0.57867,0.61825,1
0.40228,-0.79898,1
-0.33137,1.0539,-1
-0.027173,0.084129,1
-1.6128,-0.26427,-1
0.20238,2.2806,-1
0.28694,-1.2532,-1
1.4594,1.493,-1
-0.66864,0.33653,1
0.15389,0.0171,1
-0.47217,-0.5501,1
1.77,0.61968,-1
-1.1922,-0.9216,-1
-1.833,-0.19325,-1
0.011609,0.35848,1
-0.19933,0.48207,1
-0.56883,-0.19173,1
-0.39615,-0.37958,1
0.18687,-1.0195,-1
0.0049706,-0.62562,1
-0.34146,0.32749,1
0.077496,0.95936,1
0.91812,-0.070543,1
-0.43022,-0.58985,1
0.73336,0.88408,-1
1.123,0.083419,-1
-0.79062,-0.017184,1
1.0068,-0.03644,-1
0.15296,-0.57435,1
-1.2355,0.94623,-1
2.8465,-0.22435,-1
0.74419,1.2101,-1
0.4053,0.028719,1
-1.2846,0.9227,-1
0.54164,-0.15486,1
-0.70203,-1.5678,-1
-0.85237,-0.42929,1
-0.63752,-2.2526,-1
-1.1078,1.0707,-1
-0.48606,1.3114,-1
0.033609,-1.2926,-1
1.0988,-0.31985,-1
-0.60254,0.082884,1
0.4113,-0.42469,1
0.076366,1.9184,-1
-1.7118,-0.16727,-1
0.7522,0.73403,-1
-0.22371,-1.0947,-1
-0.83707,0.4832,-1
-0.46293,0.073857,1
0.87609,0.97539,-1
1.1438,0.70526,-1
1.2303,1.3419,-1
2.6843,-0.42443,-1
1.0829,0.70991,-1
-0.1352,-0.70978,1
-0.45831,-0.68839,-1
-0.72914,-0.18045,1
-0.0054185,0.98164,-1
1.2787,1.4589,-1
-0.5021,-0.92596,-1
0.12277,0.1712,1
-0.63831,-0.82064,-1
-1.5048,1.7492,-1
-1.4189,-0.6681,-1
0.28816,-0.65812,1
1.1928,2.0538,-1
1.5131,0.93214,-1
0.44688,2.5564,-1
-0.00010468,1.3948,-1
0.25438,0.72334,1
0.017942,-0.41684,1
0.41615,-1.4715,-1
-1.0662,-0.56745,-1
-0.7829,-0.8765,-1
0.18481,1.1676,-1
-0.34094,-1.5315,-1
-1.881,-1.874,-1
-0.17088,-0.93696,1
-0.71241,-2.6132,-1
-0.020621,-0.1413,1
-0.70037,0.25856,1
-0.53062,-0.69726,-1
1.0568,-0.11975,-1
-0.35608,0.21318,1
-0.81837,1.1361,-1
-0.87964,0.73586,-1
-0.16921,0.77201,1
-0.35335,-0.2662,1
0.68583,0.227,1
-0.36775,-0.59165,1
0.76852,-0.58237,1
1.7164,-1.0234,-1
-1.1239,-0.57969,-1
0.33674,-0.12603,1
1.1457,-0.52851,-1
-2.6698,-2.2964,-1
-1.3354,0.4786,-1
0.58169,-0.31128,1
1.0031,1.8995,-1
0.6533,1.941,-1
-0.41123,2.0103,-1
-0.80023,-0.98312,-1
-2.233,-0.72827,-1
-1.1201,0.083864,-1
-0.23153,3.1893,-1
2.8581,0.60899,-1
0.058425,0.10919,1
-0.37072,0.44902,1
2.0602,-0.050838,-1
0.65385,1.0688,-1
0.34062,0.003892,1
-0.94495,-0.19008,1
-0.012374,-0.12364,1
-0.751,0.98133,-1
-1.1031,-0.16395,-1
1.2126,-0.1889,-1
-0.018692,0.98789,-1
-1.1303,-0.17983,-1
-0.91338,0.78101,-1
1.2334,0.8195,-1
-1.8382,0.20458,-1
0.43816,0.049213,1
-1.6911,-0.038872,-1
-0.14577,-0.56694,1
-0.25025,1.4673,-1
-1.2428,0.9366,-1
-1.4961,0.042485,-1
0.062905,1.9419,-1
-0.53363,1.4182,-1
0.41335,-0.25482,1
-0.37922,-1.5632,-1
-0.21914,-0.76466,1
0.62586,-1.3327,-1
0.038778,-0.5385,1
-0.70488,0.42938,1
-0.75583,-0.45262,1
1.1925,-0.63606,-1
-0.69315,0.22704,1
-1.7911,1.2356,-1
0.56848,0.091833,1
0.14241,-0.96953,1
-0.86235,2.072,-1
-1.6754,-2.7198,-1
2.139,-0.071808,-1
1.3282,0.40448,-1
1.3817,-0.92753,-1
-1.1049,-0.19951,-1
0.11333,1.9373,-1
-0.13569,-2.2244,-1
0.11004,-0.63972,1
0.49414,-0.67203,1
-0.17243,0.91775,1
-0.36917,1.5477,-1
0.25935,1.7149,-1
-0.19595,-1.1674,-1
0.090072,0.070536,1
-0.22899,0.33046,1
-0.051592,-0.83947,1
2.4359,-0.22997,-1
-0.83891,-0.87949,-1
0.81232,0.72992,-1
-0.80915,-1.2345,-1
0.53228,0.60859,1
-2.2387,-0.59663,-1
1.8316,-0.63675,-1
-0.061393,0.78415,1
-1.5025,0.10998,-1
-0.010228,0.048755,1
-0.26306,-0.072334,1
0.82842,0.55837,1
0.22413,-0.27139,1
-0.36135,0.82017,1
0.78286,-0.79289,-1
-1.1804,-1.4605,-1
-0.47448,2.2861,-1
-0.20566,0.02184,1
0.669,2.3559,-1
-0.22196,-0.34477,1
0.066086,0.34612,1
-0.11534,-1.7672,-1
1.4327,0.44768,-1
0.61842,1.1136,-1
-1.3753,-0.99213,-1
-0.88296,-0.58885,-1
-1.1038,-0.64993,-1
1.8186,-1.2759,-1
-0.4481,-1.7138,-1
-1.1066,-0.41892,-1
0.98175,-1.2756,-1
-0.81552,1.6149,-1
0.053941,-1.6879,-1
-0.24095,1.375,-1
0.90471,-1.3469,-1
-0.7692,-1.3694,-1
-0.011002,-1.3068,-1
0.57968,-0.38623,1
1.1974,-0.60842,-1
-0.79805,0.10009,1
0.10725,-0.018576,1
-1.4786,-1.0653,-1
1.6125,1.1605,-1
1.5252,-0.37729,-1
-0.79891,-0.42804,1
1.0386,0.99507,-1
0.14989,-0.81892,1
0.12388,-0.24542,1
0.70199,0.26234,1
0.24274,0.81959,1
-0.031108,0.34415,1
-0.91456,0.077891,1
-0.99852,0.55006,-1
-0.052716,-0.12087,1
1.6116,0.0071691,-1
-0.12022,-0.73192,1
2.137,-0.97142,-1
-0.13742,-0.35698,1
-0.28614,-0.14647,1
0.8823,2.368,-1
0.25028,-0.90271,1
-0.90609,-0.33585,1
-0.87676,-1.1537,-1
-0.039844,0.46957,1
1.0553,0.097684,1
2.0607,-0.4834,-1
-1.0919,-0.71386,-1
-0.51918,0.80243,1
-0.65881,-0.56106,-1
0.51104,-0.94305,-1
0.10339,-1.1978,-1
-0.28458,1.0392,-1
0.42211,-0.82165,1
-1.7636,0.69345,-1
-1.6951,0.35078,-1
-1.8664,-0.37499,-1
-0.76806,1.0457,-1
0.81037,0.97782,-1
-0.66005,-1.3775,-1
-1.0628,1.3461,-1
1.6421,-1.0059,-1
0.21016,-0.36481,1
-0.7308,0.89857,-1
-0.19295,1.8364,-1
0.56867,0.76869,1
-0.90374,-0.040687,1
-0.82708,1.3261,-1
-1.4291,-0.44311,-1
0.83199,0.26018,1
-1.0069,-0.78652,-1
-1.3417,-0.40242,-1
-0.069092,-0.8868,-1
-1.4243,-0.8662,-1
0.39526,0.36445,1
-0.6841,0.86156,-1
2.8053,0.95856,-1
-0.46891,1.3968,-1
-0.53897,-0.1053,1
-0.099537,-0.52151,1
0.7711,-1.2797,-1
-1.6777,1.1362,-1
0.12912,1.6718,-1
1.2697,0.98725,-1
-1.1855,-0.1486,-1
-0.23049,1.1925,-1
0.19871,-2.8337,-1
-0.26382,-1.1621,-1
-0.34854,0.0028703,1
0.30561,0.38622,1
-0.096561,-1.6395,-1
0.83689,-0.84839,-1
0.1026,1.1958,-1
0.83694,-0.76787,-1
1.4072,0.1841,-1
-0.52223,0.24594,1
1.4473,-0.04443,-1
-1.0633,0.5975,-1
-1.6067,1.2703,-1
-0.26445,0.2732,1
-1.2989,-2.1953,-1
1.0696,-0.077578,-1
-0.011775,-1.1576,-1
-0.34567,0.16752,1
0.61684,-0.51101,1
1.1713,0.16952,-1
0.52388,-1.3397,-1
0.51115,1.3303,-1
0.42162,-0.82889,1
-0.085111,1.147,-1
-0.27326,0.69035,1
-1.0901,0.1584,1
-1.6722,0.18264,-1
-0.14504,-0.56534,1
0.50985,0.83843,-1
-1.3812,-1.8736,-1
1.0392,-1.6324,-1
-1.4565,-1.2699,-1
-0.030173,0.61924,1
-1.6111,0.83596,-1
0.63349,0.28438,1
-0.98459,-0.11407,-1
-0.53779,-0.46748,1
0.070563,-0.0030273,1
-1.6519,-1.269,-1
-0.057495,0.23737,1
-1.3741,-1.0044,-1
0.67667,0.43631,1
1.3067,2.5463,-1
-0.56831,-0.93452,-1
1.1519,-0.093189,-1
0.79381,0.33599,1
1.1179,0.88141,-1
-0.11848,-0.83993,1
0.63459,-1.8072,-1
0.16169,-0.18213,1
0.42142,-1.869,-1
1.6781,-0.16134,-1
0.27805,-0.55749,1
0.31396,0.77925,1
2.7779,-0.67095,-1
-0.51956,-0.37197,1
1.1588,0.40335,-1
0.26558,-0.10021,1
-1.7582,0.037386,-1
-1.3104,-0.83237,-1
1.4691,-1.9763,-1
-2.3501,1.8105,-1
-1.5939,-1.8152,-1
-1.1042,-0.3921,-1
-0.53354,-0.15442,1
-0.77065,0.59553,1
-0.70689,-0.12538,1
0.16143,-0.59445,1
2.014,-0.60223,-1
1.6866,-1.0646,-1
-0.40054,-0.81732,1
-0.67887,0.13828,1
1.3333,0.78892,-1
1.4442,-0.77722,-1
1.2201,0.095348,-1
0.30431,1.8183,-1
1.3939,-3.0209,-1
0.55255,0.27143,1
-0.42003,0.3191,1
0.35691,-0.94448,1
-0.89755,1.4262,-1
-1.5306,-1.5115,-1
-0.063483,0.94601,1
-0.12224,0.71562,1
-0.072133,-0.94715,1
-0.11313,0.95176,1
0.50223,-0.02461,1
-0.66834,-1.8815,-1
-0.040459,-1.3106,-1
1.0636,-0.56001,-1
-0.11643,-1.8782,-1
0.12816,-1.465,-1
-1.9468,-0.088543,-1
0.28634,-0.08617,1
-0.6091,-0.29215,1
-0.073251,1.4906,-1
0.78275,0.17371,1
-2.5549,1.1273,-1
1.7172,-0.37259,-1
0.83397,-1.3166,-1
-0.31153,0.1074,1
-0.92893,-2.1784,-1
-0.78335,-2.6362,-1
1.308,-1.0702,-1
0.2875,0.22941,1
-0.18504,0.75993,1
-0.53973,0.41018,1
-2.5233,0.97587,-1
1.713,-0.80019,-1
0.013905,-0.32667,1
0.60073,-0.1331,1
1.0536,0.28687,1
0.92396,-0.87822,-1
-0.82005,0.3626,1
-0.48808,0.21259,1
-0.5125,-0.84437,-1
0.76562,-0.55201,1
-0.13056,1.9255,-1
-1.4019,-0.33436,-1
0.37075,-0.24924,1
-0.68578,0.07125,1
-0.43946,0.3786,1
-1.6225,-0.52474,-1
0.92915,0.40722,1
0.2253,0.67882,1
-0.16817,0.94252,-1
-1.2742,1.2897,-1
-0.70615,-0.32877,1
0.64948,-1.0108,-1
-1.1183,-0.88746,-1
0.11978,-0.46023,1
-0.00070087,0.91421,1
-0.88242,0.57683,1
-0.14527,2.3547,-1
-2.0247,-0.032767,-1
0.10681,-1.9422,-1
2.5113,-1.4392,-1
0.11189,-1.5952,-1
0.00026883,-1.4327,-1
0.43159,-0.53377,1
1.3922,-1.4906,-1
-0.62414,-1.947,-1
0.94708,0.083278,-1
-0.016049,0.6955,1
-0.80873,0.49878,1
0.47036,-0.71657,1
0.74216,0.0068422,1
0.23614,1.9025,-1
-1.1514,0.66557,-1
0.70485,-0.093803,1
-0.81465,0.65178,1
1.5175,-0.26233,-1
0.11047,-0.022056,1
-1.0588,0.97099,-1
-1.5129,0.37732,-1
0.54098,0.042992,1
-1.1931,-0.78025,-1
0.23527,-0.61192,1
-2.6466,-0.19652,-1
-0.87525,-0.68668,-1
1.3884,-1.7339,-1
-0.81835,-0.35105,-1
0.67526,2.6346,-1
1.8481,0.87279,-1
-0.13288,-0.4699,1
1.7555,-0.35768,-1
-1.6252,-1.8158,-1
-0.73829,0.9674,-1
1.6711,0.37936,-1
0.48639,0.88192,1
-0.19789,1.9828,-1
-0.85158,0.36189,1
1.3251,-0.52169,-1
0.048953,0.81101,1
1.1976,-2.2818,-1
-0.2981,-0.70173,1
-0.4563,-1.1598,-1
-0.76175,-0.66991,1
0.83866,0.84663,-1
-0.29708,0.82428,-1
0.27439,0.44793,1
0.21763,0.50832,1
0.54274,2.0495,-1
0.14069,-1.5043,-1
0.71891,-0.23771,1
-0.22146,0.3608,1
-1.1466,-0.3324,-1
0.83323,0.37895,-1
-1.4993,-2.1909,-1
-1.3239,2.1123,-1
0.36006,2.8287,-1
0.17945,0.55102,1
1.293,-0.85217,-1
-0.47426,-0.46082,1
1.4585,0.55861,-1
-1.0597,0.59385,-1
0.026491,-0.2044,1
-0.32012,-0.076476,1
-0.4328,0.14548,1
0.18052,0.50318,1
0.90849,-0.77419,-1
0.31685,-0.36029,1
-0.14299,-0.52542,1
1.5476,1.0664,-1
1.0334,-0.30807,-1
-1.8167,0.94753,-1
-0.42685,0.40895,1
-0.24914,-1.4653,-1
0.70291,-0.62294,-1
1.3008,-0.632,-1
0.31339,1.2151,-1
-0.26067,-1.0069,-1
0.89405,-2.0934,-1
0.51769,0.18042,1
0.85342,-1.1265,-1
1.2779,0.21331,-1
0.5342,-1.0991,-1
-0.06127,-0.77691,1
0.19589,-0.095353,1
-1.3914,-0.50183,-1
-0.20208,-0.9568,1
0.15507,0.27376,1
0.36722,0.37502,1
0.043088,-0.81243,1
0.1491,0.5336,1
0.11143,-0.2058,1
-0.94646,0.3859,-1
-1.3401,-0.30931,-1
0.38201,-0.193,1
0.34326,0.47929,1
1.0688,-0.006485,-1
-0.50831,0.18808,1
-0.21104,0.35859,1
-0.42354,-0.39127,1
2.1757,0.4979,-1
0.88269,2.2712,-1
1.5383,-0.64404,-1
0.33996,-1.9938,-1
0.91184,-0.30127,-1
-0.62703,-0.82008,-1
-0.25924,-0.035643,1
-1.7307,0.23443,-1
0.70397,-1.1975,-1
-0.2087,-0.80306,1
0.76246,-1.5975,-1
-0.36522,0.25609,1
-2.007,0.58907,-1
0.21494,-0.39498,1
-0.39426,0.92632,1
-0.39516,-0.19171,1
0.21758,-1.0612,1
1.941,0.088934,-1
0.27303,-1.5826,-1
1.1259,1.5304,-1
1.9838,0.20832,-1
-1.2764,-0.20017,-1
0.4404,-0.040691,1
0.86721,-2.3216,-1
0.97511,-0.16777,-1
-0.54757,1.2432,-1
-0.31695,-0.27578,1
0.12582,0.76448,1
0.17444,-0.56021,1
1.2708,-0.095942,-1
-1.9822,0.52033,-1
-1.8823,-0.60969,-1
-0.40175,0.82804,1
-0.40249,-0.51122,1
-0.37349,-0.98721,1
-1.4595,-1.0418,-1
-1.2863,-1.057,-1
-0.23042,0.50544,1
1.3363,-2.444,-1
0.66307,2.1668,-1
0.73501,-1.1944,-1
1.6493,-0.53696,-1
1.7881,-3.0268,-1
0.32006,2.5355,-1
-1.0485,-0.91003,-1
0.055105,1.0008,-1
-0.38457,0.88508,-1
1.1028,-2.49,-1
-0.48431,0.070498,1
-2.8435,0.30546,-1
-0.75821,0.037375,1
-0.84858,0.42766,-1
0.089913,-1.1397,-1
0.22239,-1.2247,-1
0.14074,-0.8101,1
0.40402,0.60385,1
0.85775,0.17525,1
-2.2566,-1.3507,-1
0.52753,0.19474,1
-0.75046,-0.36637,1
-0.018837,-0.85518,1
-0.47193,0.80015,1
-0.42526,-0.76441,1
0.014933,-0.80681,1
-1.4299,0.28031,-1
-1.1779,0.52684,-1
-0.20824,-0.47055,1
-0.43488,-0.81208,1
0.80509,-0.12383,1
0.41361,-0.44193,1
0.74994,-0.90262,-1
0.73718,-0.3292,1
0.79674,0.86849,-1
1.7469,-1.8855,-1
1.0032,-1.5672,-1
-1.0576,-0.5545,-1
1.2684,-1.543,-1
-0.45745,0.38298,1
-0.95397,-0.77928,-1
0.076519,-0.2799,1
-0.026918,-0.71415,1
-0.38806,-0.21042,1
-0.50836,-0.49824,1
-0.20351,1.0782,-1
-1.2124,0.8777,-1
0.25802,-1.1411,-1
-1.2951,-1.6009,-1
-0.72126,-0.62376,1
1.0488,0.52463,-1
0.3833,0.08472,1
1.334,1.1043,-1
-0.52557,-0.75743,1
-1.383,-1.2307,-1
-1.9557,0.48837,-1
-0.36224,-0.1794,1
-0.60265,1.3732,-1
1.3365,0.01211,-1
0.14435,0.19656,1
-0.6664,-2.0099,-1
-0.84708,0.51584,-1
0.40488,1.3535,-1
0.95103,1.1038,-1
-1.0733,1.2372,-1
0.18842,-1.3731,-1
1.5951,-0.19814,-1
-0.71563,0.28952,1
-0.8268,0.66476,1
-0.80243,-2.0076,-1
-0.16772,1.5209,-1
0.43773,-1.0456,-1
0.60157,-0.30516,1
-0.39074,1.5195,-1
0.8477,-1.3651,-1
2.0495,0.52144,-1
-0.76581,0.29078,1
1.9067,-1.306,-1
-0.10493,0.12716,1
-0.20562,0.14055,1
-0.38991,0.70528,1
1.1644,-0.23466,-1
0.31476,0.25861,1
-0.21472,-0.95798,1
-0.21842,0.34969,1
0.19451,-0.82383,1
0.72659,1.1258,-1
0.51195,1.6439,-1
-1.3003,-0.6721,-1
0.0087107,-1.5348,-1
1.656,-0.009008,-1
-0.13128,-0.11353,1
1.8477,-1.6023,-1
0.72371,-0.2122,1
0.6719,1.5999,-1
-0.19176,-0.77663,1
0.69712,0.16241,1
-0.96817,1.9767,-1
-1.0292,0.0089716,1
-1.4732,-0.61362,-1
0.29177,0.21032,1
-0.78654,-0.83928,-1
0.22567,-1.4118,-1
-0.32512,-0.052153,1
1.0039,0.63137,-1
2.2004,0.33455,-1
0.9886,0.29289,-1
-0.7807,0.14317,1
0.17493,0.4456,1
-0.20381,-1.8134,-1
0.025719,-0.41815,1
-0.89376,-0.0494,1
1.1288,-1.1935,-1
-0.17887,0.49542,1
-0.51061,2.4457,-1
1.2617,-1.7023,-1
-1.9287,-0.83082,-1
-1.0245,-0.19517,-1
0.63192,-0.69978,1
0.1832,0.45666,1
1.0888,-0.70049,-1
-0.66072,0.69727,-1
-0.52525,-0.40654,1
0.96572,0.48798,-1
-0.49399,-1.2262,-1
0.78625,0.89468,-1
-1.054,-2.1333,-1
0.50682,1.1529,-1
0.36948,0.12382,1
0.0735,-2.1317,-1
-0.80641,0.93175,-1
-0.61962,-2.6988,-1
1.0248,1.1786,-1
-0.1193,0.98165,1
0.083029,-0.397,1
-0.035715,-0.97976,1
-3.9687,2.3558,-1
2.321,-0.66716,-1
-0.25737,0.49627,1
-0.91011,-0.17285,-1
-0.37514,-0.6327,1
-0.64986,-3.2907,-1
1.1812,-0.72895,-1
0.68791,-0.37464,1
0.16973,-0.24448,1
0.89125,-1.6916,-1
0.23881,-0.22699,1
-0.023411,0.90535,-1
0.52147,1.01,-1
0.33136,-0.34394,1
1.4835,1.7524,-1
-0.54273,0.26772,1
0.23762,0.54808,1
-0.58798,0.92927,-1
-0.7699,-1.7758,-1
1.5981,-1.2425,-1
-0.4747,0.74917,1
-0.22764,-0.29424,1
0.49019,0.36764,1
-0.19404,1.8827,-1
1.5984,-1.3339,-1
-1.4187,-0.30413,-1
-1.7195,-0.32696,-1
-1.0405,0.5917,-1
-0.32304,-1.7943,-1
-1.4365,0.022252,-1
-0.26198,0.72787,1
-0.12853,-0.27778,1
0.36869,-0.78747,1
-1.4431,2.5398,-1
0.53668,0.59049,1
-0.061281,1.2828,-1
-0.26152,-0.17256,1
-0.27903,0.052856,1
-1.0447,0.35941,1
-0.34509,-1.3303,-1
0.87645,0.96575,-1
0.41563,-0.35605,1
0.40332,1.7863,-1
0.6474,0.1006,1
-0.42077,1.1712,-1
0.33403,1.2169,-1
-0.92944,-0.19259,-1
-0.013513,0.080971,1
0.067409,-0.63888,1
-0.3382,-1.2177,-1
-0.090753,-0.11477,1
-1.8991,-1.8405,-1
-0.19131,0.48712,1
-1.5295,-1.4378,-1
1.4303,0.24122,-1
-0.20445,-0.43271,1
-0.25143,0.5847,1
0.17788,0.10526,1
-1.1006,-0.48191,-1
-0.62238,1.4502,-1
-0.58641,0.14004,1
0.44382,-0.30882,1
-0.47346,-0.729,1
0.17266,-0.045252,1
0.43648,0.84314,1
1.2729,-1.5937,-1
-1.3172,1.7234,-1
-0.14239,-0.16121,1
1.9366,0.3729,-1
0.51944,-0.43034,1
0.030482,-1.1286,-1
-0.20179,0.45821,1
2.801,-1.1546,-1
-0.36069,-0.31292,1
-0.77723,0.13203,1
-0.26082,-0.28892,1
-1.961,-1.0344,-1
-0.83056,-0.58634,-1
-0.27434,0.37214,1
-1.2082,-0.82001,-1
-0.46975,-2.0848,-1
0.87189,-1.7348,-1
-0.50694,-0.34954,1
-0.4091,-0.35876,1
-0.98884,-0.72221,-1
0.61289,1.0823,-1
-0.3128,1.7234,-1
0.43945,1.2568,-1
-0.28581,0.97669,-1
1.5175,-0.39176,-1
2.3512,-0.56607,-1
-0.77543,-0.14824,1
-0.16285,-0.091146,1
1.5497,1.2516,-1
-0.39461,-0.32851,1
-0.89485,-1.5892,-1
0.64601,1.4305,-1
1.6542,-0.65925,-1
1.6407,-1.0536,-1
0.36983,-0.055266,1
1.0569,-0.90635,-1
-0.26691,0.12176,1
0.57746,0.27941,1
-0.61406,0.96592,-1
-0.38791,-0.072128,1
0.85631,-1.4895,-1
-0.56834,-0.59178,1
0.44585,0.78243,1
2.4234,1.2001,-1
0.29757,0.21826,1
-0.86825,0.04612,1
0.44832,-0.38592,1
-1.6805,0.481,-1
-1.8539,0.28349,-1
-1.6534,-0.37372,-1
0.16119,0.11819,1
1.1545,-0.7255,-1
-0.79471,1.4776,-1
-0.36597,0.72208,1
-0.026244,0.28532,1
-0.68694,-0.7291,-1
-0.97472,-0.31371,-1
-0.020642,-0.083856,1
-1.0584,-1.2475,-1
1.3665,0.14509,-1
0.025404,-0.44077,1
-0.2515,0.91393,1
0.45487,0.17142,1
1.7944,0.36132,-1
-1.59,1.6493,-1
1.2246,0.76115,-1
-1.1612,0.86569,-1
0.29521,-1.0992,-1
0.66902,-0.87047,-1
-1.249,-1.3592,-1
0.57952,0.19527,1
0.57004,0.15837,1
-0.050969,-0.34555,1
-1.1402,1.5147,-1
1.6011,0.37903,-1
0.023425,0.25647,1
-0.37429,-0.055234,1
-0.67771,1.6551,-1
1.0538,-0.10218,-1
-1.8203,0.80614,-1
-1.502,1.4773,-1
-0.2453,-1.0273,-1
0.83913,-0.61613,-1
-0.62346,0.32791,1
0.09403,-1.3724,-1
0.29154,0.95374,1
1.8993,-0.21514,-1
-0.50741,-0.15532,1
0.13806,-0.38409,1
-1.4146,-0.82091,-1
-0.54703,-0.36817,1
0.37395,0.4267,1
0.87846,0.16668,1
0.59297,-0.67317,1
1.2013,1.5779,-1
-1.3493,0.17076,-1
-2.8877,1.244,-1
-0.89491,0.24623,-1
-1.654,0.098536,-1
-0.72715,-0.53935,1
0.054563,2.1301,-1
1.723,0.49313,-1
-1.3374,-0.0059914,-1
1.3924,0.0032252,-1
0.34531,0.22647,1
1.8147,0.58171,-1
0.2462,1.2708,-1
1.8186,0.38715,-1
-0.44125,0.6438,1
0.11732,1.5636,-1
-0.43198,-1.7086,-1
1.1036,-0.077279,-1
-0.13716,0.46931,1
0.024281,0.3258,1
-0.052193,0.63918,1
1.0939,0.82136,-1
0.19074,0.30801,1
-0.37586,2.1725,-1
0.54789,0.42614,1
-1.1446,-1.0562,-1
-0.31543,-1.1501,-1
0.8363,-0.046949,1
-0.47327,1.7749,-1
-0.10655,0.056212,1
-0.080409,-1.8124,-1
0.044745,-0.52677,1
1.2055,2.4162,-1
0.67731,-0.31661,1
0.72514,-0.43873,1
1.0103,0.94569,-1
-1.6088,1.5955,-1
0.55724,-0.77565,-1
-1.7465,0.29293,-1
-0.61699,-2.099,-1
1.5208,0.48394,-1
-0.78984,-0.5969,1
0.11304,1.8411,-1
-0.20941,-0.8402,1
1.1618,-0.35465,-1
-0.46447,0.15534,1
-1.5783,-0.10213,-1
-0.43385,-0.64109,1
0.86665,0.95123,-1
-0.25341,-1.0385,-1
0.15547,0.35512,1
-0.8795,1.873,-1
0.89264,-0.34967,-1
-1.3223,-1.2117,-1
-1.6875,0.012159,-1
1.0558,-2.0474,-1
-0.76783,-0.74578,1
2.2648,-1.162,-1
0.71923,1.7377,-1
-0.47952,-0.084065,1
0.2766,-0.67526,1
0.27219,1.1247,-1
2.1421,0.57444,-1
-0.61363,-1.0599,-1
0.78971,-0.92135,-1
-1.9377,-0.39747,-1
0.17636,-0.21779,1
2.183,1.0409,-1
1.9367,0.07318,-1
0.40482,-0.8387,1
0.61622,0.63149,-1
0.48879,-1.8512,-1
0.60527,-0.74589,1
0.66864,-0.27408,1
1.1667,-1.1083,-1
-0.38338,0.026975,1
1.5257,0.11631,-1
0.81319,1.2645,-1
0.76833,-0.38023,1
0.40126,-0.88039,1
0.63491,0.69928,1
-0.26208,-0.049389,1
0.41259,0.91344,1
-0.17157,-0.56555,1
-0.16247,-1.6741,-1
-0.34426,1.3413,-1
0.59112,-1.7323,-1
-1.112,-0.012805,-1
-0.85785,-2.4627,-1
-0.2679,-0.0080344,1
-1.6046,0.32856,-1
-0.96683,-1.468,-1
-0.3438,-0.26928,1
-0.038605,-0.43093,1
0.56393,-1.7807,-1
-0.59387,0.33256,1
-0.38056,-0.42742,1
0.12481,-1.2031,-1
-1.9656,-0.71994,-1
-0.72477,-1.2897,-1
-1.5887,-0.3895,-1
0.45651,-1.9984,-1
-2.4371,0.12652,-1
0.083252,0.17881,1
-0.011247,0.07674,1
-1.0637,0.075712,-1
-0.52239,0.28838,1
-1.1804,0.14661,-1
1.8509,0.54201,-1
1.4729,0.69312,-1
0.27942,1.0534,-1
0.15915,-0.1611,1
0.55933,-1.0698,-1
-1.7956,2.1636,-1
-0.40125,0.83263,1
-0.7268,-1.2724,-1
-0.80396,-0.6887,-1
1.425,0.091591,-1
-1.2858,-1.3606,-1
-0.31401,1.2619,-1
0.25549,0.84778,-1
0.72123,0.33387,1
-1.6131,-0.36725,-1
1.2199,0.024184,-1
1.8215,-0.77744,-1
-1.1773,0.7173,-1
-0.82928,0.039808,1
-0.23007,-0.67498,1
-2.2784,-0.49988,-1
1.0382,0.28987,1
-1.0799,0.9279,-1
0.33365,0.48882,1
0.99918,-0.11927,1
0.49126,-0.87645,1
0.75884,0.15007,1
1.1964,0.54189,-1
0.43351,0.96715,-1
0.21801,0.13524,1
-0.46367,-1.8575,-1
-0.15526,0.030814,1
-0.94839,0.020668,-1
-0.81426,-1.5411,-1
-0.81485,0.71059,1
0.1761,1.382,-1
0.0091276,-1.1053,-1
-0.46391,-0.28912,1
-2.0802,-0.73258,-1
-0.77856,0.11882,1
-1.4268,-0.23604,-1
0.78768,1.2061,-1
-1.3708,-0.13696,-1
-1.0259,-0.45028,1
-0.27651,0.76999,1
0.60267,-0.31339,1
-0.11869,0.097775,1
-0.42573,-1.8847,-1
0.35327,0.86525,1
-0.65614,-1.2257,-1
-1.277,-0.29579,-1
0.18112,-1.3198,-1
-0.87749,1.7504,-1
0.57234,-0.17514,1
0.31983,-0.96089,1
0.96376,0.99416,-1
1.0134,0.41627,-1
2.1954,-0.68066,-1
0.42876,1.5903,-1
-0.11009,-1.5772,-1
0.93089,0.89583,-1
2.2118,0.1067,-1
1.6259,-0.22347,-1
-0.30505,-0.35859,1
1.0493,0.73347,-1
-0.2198,1.4534,-1
-1.9423,0.47831,-1
-0.22721,-0.35651,1
0.30466,0.96178,-1
-1.2569,-0.32281,-1
0.98647,0.45823,-1
-0.22341,-0.34927,1
-0.022523,0.095548,1
0.77552,1.2832,-1
1.2347,0.14098,-1
-1.5503,1.9032,-1
1.759,0.62408,-1
-0.23172,-0.1349,1
0.11626,-0.23817,1
0.13775,-0.064967,1
-0.29746,-0.99637,1
-0.36422,-1.423,-1
0.3338,2.3916,-1
0.64335,1.2627,-1
-0.69053,0.012851,1
-1.0981,-1.8457,-1
-0.80915,0.90587,-1
-0.44946,-0.84437,1
0.81124,-0.93193,-1
-1.083,-0.82915,-1
-0.48268,1.4949,-1
0.80376,-0.31506,1
0.82188,-0.74846,1
-1.6135,0.80221,-1
-1.4793,-0.13746,-1
0.50376,0.60381,1
-0.81206,-0.52171,1
-1.4397,0.62407,-1
-1.3788,2.1553,-1
0.27076,-1.6015,-1
-0.73265,-1.2207,-1
-1.0876,-1.0634,-1
-0.41505,1.4774,-1
1.0672,0.24197,-1
1.7094,-0.7677,-1
0.46053,0.49951,1
-0.10615,1.006,-1
-0.85153,1.4,-1
-1.8537,0.66946,-1
-2.3478,-1.2531,-1
0.70994,2.7376,-1
0.11248,0.16973,1
0.11338,-0.055625,1
2.5075,-0.1678,-1
-0.30948,1.1767,-1
-0.91001,0.24275,1
1.6173,-0.29718,-1
-0.61868,0.80185,-1
-1.0222,0.3824,1
1.2185,-1.0513,-1
0.5701,0.67658,-1
0.20188,1.0582,1
-0.27592,0.57024,1
0.56986,0.33736,1
0.96485,-0.85545,-1
-1.3515,-0.82957,-1
0.089171,0.28722,1
-1.1011,-0.42558,-1
-0.75762,1.6435,-1
0.59011,-0.02875,1
-0.82137,-0.39402,-1
2.1594,-0.53324,-1
-0.0030882,0.68374,1
1.7739,-0.7718,-1
0.61104,1.4904,-1
0.22583,1.641,-1
-0.8904,-1.1852,-1
-0.26965,0.12621,1
-0.61956,-0.19492,1
-0.18399,-1.3945,-1
-1.728,-0.17985,-1
-0.66025,-0.7023,1
-0.48935,0.51355,1
-0.037099,-0.8322,-1
0.68116,-0.75706,-1
1.2121,0.26465,-1
-0.84198,0.35896,1
0.28451,0.40984,1
0.79481,0.4526,1
0.56152,-1.5835,-1
-0.15569,1.8475,-1
1.8595,-0.24802,-1
0.031834,0.52391,1
1.0724,-1.5127,-1
-0.73378,-0.068498,1
0.85477,0.041294,1
1.3752,0.87337,-1
-0.24831,0.090434,1
1.2991,0.045633,-1
1.4771,-0.49356,-1
-1.1949,-1.1221,-1
0.33342,-0.16015,1
1.4305,-0.78316,-1
-0.30454,-0.16326,1
0.7146,1.3017,-1
1.1944,-0.22688,-1
0.17498,2.703,-1
-0.10117,1.0521,-1
0.78114,2.6258,-1
-0.5676,0.26997,1
-0.22357,-0.86269,1
-0.20496,1.6376,-1
0.04634,-1.4254,-1
0.20474,-0.77029,1
1.2119,-0.26523,-1
-1.9809,2.214,-1
-0.35523,0.076517,1
-0.80978,-0.824,-1
0.35687,-2.2136,-1
-0.93002,1.0548,-1
-0.59229,1.5262,-1
-0.18885,0.15658,1
0.42556,-0.39523,1
0.54672,-1.1813,-1
-0.4866,-1.0747,-1
0.8,0.75376,-1
0.050942,-0.54067,1
1.6196,-0.34243,-1
0.59549,0.6863,1
0.66366,0.21451,1
-0.35465,0.37832,1
2.9297,-0.54659,-1
-0.40632,-1.2583,-1
1.6919,0.82409,-1
1.2648,0.75022,-1
-0.81229,2.0524,-1
0.82602,-0.38284,1
1.5341,-0.77952,-1
-1.1016,-0.14961,-1
0.50563,0.54193,1
-0.21867,0.79293,1
-0.50542,-0.7837,-1
-1.5686,0.293,-1
0.057239,-0.54721,1
0.40872,0.04042,1
-1.1072,-0.48791,-1
-0.4261,-0.56173,1
0.30618,0.61976,1
-0.74681,-0.05494,1
-0.47065,0.1394,1
-0.94649,-0.08573,-1
-0.16778,1.076,-1
-0.80935,0.5836,-1
0.60023,2.7124,-1
1.6848,-0.21999,-1
0.54935,-0.75626,1
-0.11988,0.49346,1
1.0865,-0.58374,-1
-1.005,-0.17052,-1
-1.1552,-0.39724,-1
0.17595,0.98145,-1
-2.1091,-0.23962,-1
0.82989,-1.5933,-1
0.059405,1.3623,-1
-0.0029637,-1.4474,-1
-0.049562,0.014281,1
2.1308,0.58554,-1
-1.58,-0.23029,-1
0.20072,-0.05154,1
-0.37634,0.13405,1
0.68176,-0.41818,1
-0.094499,-0.5323,1
-0.65228,-0.36497,1
0.38807,0.34675,1
0.23849,1.3252,-1
1.4617,-0.20625,-1
-0.19033,-1.194,-1
1.8362,-0.89357,-1
-0.43889,0.59627,1
0.27474,0.99844,1
-2.0081,-1.1701,-1
0.588,0.11915,1
1.4436,-1.041,-1
-0.72561,-0.0032993,1
0.12263,-0.3352,1
3.0555,0.92512,-1
-0.68682,1.2667,-1
-0.7118,-0.61056,-1
-2.2039,0.64328,-1
1.1725,-0.9409,-1
-2.3448,-0.40069,-1
1.2695,0.69559,-1
0.64553,-0.21055,1
0.47281,-0.97071,-1
1.3051,-0.030648,-1
-1.5853,-0.12237,-1
-1.1261,-0.43375,-1
-1.3848,-0.34259,-1
0.15841,-1.554,-1
-0.60644,-0.957,-1
